Loaded Document Element

SPR Simulation Mode
Parsing data file....
Starting Simulation...
Using 2500 data points
Entry Media Index: 1.85
Exit Media Index: 1.33
Processing layer 1
Layer Name: gold
0	0.86747
0.000628319	0.86747
0.00125664	0.86747
0.00188496	0.86747
0.00251327	0.86747
0.00314159	0.86747
0.00376991	0.867469
0.00439823	0.867469
0.00502655	0.867469
0.00565487	0.867468
0.00628319	0.867468
0.0069115	0.867467
0.00753982	0.867467
0.00816814	0.867466
0.00879646	0.867465
0.00942478	0.867465
0.0100531	0.867464
0.0106814	0.867463
0.0113097	0.867462
0.0119381	0.867461
0.0125664	0.86746
0.0131947	0.867459
0.013823	0.867458
0.0144513	0.867457
0.0150796	0.867456
0.015708	0.867455
0.0163363	0.867454
0.0169646	0.867452
0.0175929	0.867451
0.0182212	0.867449
0.0188496	0.867448
0.0194779	0.867447
0.0201062	0.867445
0.0207345	0.867443
0.0213628	0.867442
0.0219911	0.86744
0.0226195	0.867438
0.0232478	0.867437
0.0238761	0.867435
0.0245044	0.867433
0.0251327	0.867431
0.0257611	0.867429
0.0263894	0.867427
0.0270177	0.867425
0.027646	0.867423
0.0282743	0.86742
0.0289027	0.867418
0.029531	0.867416
0.0301593	0.867414
0.0307876	0.867411
0.0314159	0.867409
0.0320442	0.867406
0.0326726	0.867404
0.0333009	0.867401
0.0339292	0.867399
0.0345575	0.867396
0.0351858	0.867393
0.0358142	0.86739
0.0364425	0.867388
0.0370708	0.867385
0.0376991	0.867382
0.0383274	0.867379
0.0389557	0.867376
0.0395841	0.867373
0.0402124	0.86737
0.0408407	0.867366
0.041469	0.867363
0.0420973	0.86736
0.0427257	0.867357
0.043354	0.867353
0.0439823	0.86735
0.0446106	0.867346
0.0452389	0.867343
0.0458673	0.867339
0.0464956	0.867336
0.0471239	0.867332
0.0477522	0.867328
0.0483805	0.867324
0.0490088	0.867321
0.0496372	0.867317
0.0502655	0.867313
0.0508938	0.867309
0.0515221	0.867305
0.0521504	0.867301
0.0527788	0.867297
0.0534071	0.867293
0.0540354	0.867288
0.0546637	0.867284
0.055292	0.86728
0.0559203	0.867275
0.0565487	0.867271
0.057177	0.867267
0.0578053	0.867262
0.0584336	0.867258
0.0590619	0.867253
0.0596903	0.867248
0.0603186	0.867244
0.0609469	0.867239
0.0615752	0.867234
0.0622035	0.867229
0.0628319	0.867224
0.0634602	0.867219
0.0640885	0.867214
0.0647168	0.867209
0.0653451	0.867204
0.0659734	0.867199
0.0666018	0.867194
0.0672301	0.867189
0.0678584	0.867183
0.0684867	0.867178
0.069115	0.867173
0.0697434	0.867167
0.0703717	0.867162
0.071	0.867156
0.0716283	0.867151
0.0722566	0.867145
0.0728849	0.867139
0.0735133	0.867134
0.0741416	0.867128
0.0747699	0.867122
0.0753982	0.867116
0.0760265	0.86711
0.0766549	0.867104
0.0772832	0.867098
0.0779115	0.867092
0.0785398	0.867086
0.0791681	0.86708
0.0797965	0.867074
0.0804248	0.867067
0.0810531	0.867061
0.0816814	0.867055
0.0823097	0.867048
0.082938	0.867042
0.0835664	0.867035
0.0841947	0.867029
0.084823	0.867022
0.0854513	0.867015
0.0860796	0.867009
0.086708	0.867002
0.0873363	0.866995
0.0879646	0.866988
0.0885929	0.866981
0.0892212	0.866974
0.0898495	0.866967
0.0904779	0.86696
0.0911062	0.866953
0.0917345	0.866946
0.0923628	0.866939
0.0929911	0.866931
0.0936195	0.866924
0.0942478	0.866917
0.0948761	0.866909
0.0955044	0.866902
0.0961327	0.866894
0.0967611	0.866887
0.0973894	0.866879
0.0980177	0.866871
0.098646	0.866864
0.0992743	0.866856
0.0999026	0.866848
0.100531	0.86684
0.101159	0.866832
0.101788	0.866824
0.102416	0.866816
0.103044	0.866808
0.103673	0.8668
0.104301	0.866792
0.104929	0.866784
0.105558	0.866776
0.106186	0.866767
0.106814	0.866759
0.107442	0.86675
0.108071	0.866742
0.108699	0.866733
0.109327	0.866725
0.109956	0.866716
0.110584	0.866708
0.111212	0.866699
0.111841	0.86669
0.112469	0.866681
0.113097	0.866672
0.113726	0.866664
0.114354	0.866655
0.114982	0.866646
0.115611	0.866637
0.116239	0.866627
0.116867	0.866618
0.117496	0.866609
0.118124	0.8666
0.118752	0.866591
0.119381	0.866581
0.120009	0.866572
0.120637	0.866562
0.121265	0.866553
0.121894	0.866543
0.122522	0.866534
0.12315	0.866524
0.123779	0.866514
0.124407	0.866504
0.125035	0.866495
0.125664	0.866485
0.126292	0.866475
0.12692	0.866465
0.127549	0.866455
0.128177	0.866445
0.128805	0.866435
0.129434	0.866425
0.130062	0.866414
0.13069	0.866404
0.131319	0.866394
0.131947	0.866384
0.132575	0.866373
0.133204	0.866363
0.133832	0.866352
0.13446	0.866342
0.135088	0.866331
0.135717	0.86632
0.136345	0.86631
0.136973	0.866299
0.137602	0.866288
0.13823	0.866277
0.138858	0.866266
0.139487	0.866255
0.140115	0.866244
0.140743	0.866233
0.141372	0.866222
0.142	0.866211
0.142628	0.8662
0.143257	0.866189
0.143885	0.866177
0.144513	0.866166
0.145142	0.866154
0.14577	0.866143
0.146398	0.866131
0.147027	0.86612
0.147655	0.866108
0.148283	0.866097
0.148911	0.866085
0.14954	0.866073
0.150168	0.866061
0.150796	0.866049
0.151425	0.866038
0.152053	0.866026
0.152681	0.866014
0.15331	0.866002
0.153938	0.865989
0.154566	0.865977
0.155195	0.865965
0.155823	0.865953
0.156451	0.86594
0.15708	0.865928
0.157708	0.865916
0.158336	0.865903
0.158965	0.865891
0.159593	0.865878
0.160221	0.865865
0.16085	0.865853
0.161478	0.86584
0.162106	0.865827
0.162734	0.865815
0.163363	0.865802
0.163991	0.865789
0.164619	0.865776
0.165248	0.865763
0.165876	0.86575
0.166504	0.865737
0.167133	0.865723
0.167761	0.86571
0.168389	0.865697
0.169018	0.865684
0.169646	0.86567
0.170274	0.865657
0.170903	0.865643
0.171531	0.86563
0.172159	0.865616
0.172788	0.865602
0.173416	0.865589
0.174044	0.865575
0.174673	0.865561
0.175301	0.865547
0.175929	0.865534
0.176558	0.86552
0.177186	0.865506
0.177814	0.865492
0.178442	0.865478
0.179071	0.865463
0.179699	0.865449
0.180327	0.865435
0.180956	0.865421
0.181584	0.865406
0.182212	0.865392
0.182841	0.865377
0.183469	0.865363
0.184097	0.865348
0.184726	0.865334
0.185354	0.865319
0.185982	0.865304
0.186611	0.86529
0.187239	0.865275
0.187867	0.86526
0.188496	0.865245
0.189124	0.86523
0.189752	0.865215
0.190381	0.8652
0.191009	0.865185
0.191637	0.86517
0.192265	0.865155
0.192894	0.865139
0.193522	0.865124
0.19415	0.865109
0.194779	0.865093
0.195407	0.865078
0.196035	0.865062
0.196664	0.865047
0.197292	0.865031
0.19792	0.865016
0.198549	0.865
0.199177	0.864984
0.199805	0.864968
0.200434	0.864952
0.201062	0.864936
0.20169	0.86492
0.202319	0.864904
0.202947	0.864888
0.203575	0.864872
0.204204	0.864856
0.204832	0.86484
0.20546	0.864823
0.206088	0.864807
0.206717	0.864791
0.207345	0.864774
0.207973	0.864758
0.208602	0.864741
0.20923	0.864725
0.209858	0.864708
0.210487	0.864691
0.211115	0.864675
0.211743	0.864658
0.212372	0.864641
0.213	0.864624
0.213628	0.864607
0.214257	0.86459
0.214885	0.864573
0.215513	0.864556
0.216142	0.864539
0.21677	0.864522
0.217398	0.864504
0.218027	0.864487
0.218655	0.86447
0.219283	0.864452
0.219911	0.864435
0.22054	0.864417
0.221168	0.8644
0.221796	0.864382
0.222425	0.864364
0.223053	0.864347
0.223681	0.864329
0.22431	0.864311
0.224938	0.864293
0.225566	0.864275
0.226195	0.864257
0.226823	0.864239
0.227451	0.864221
0.22808	0.864203
0.228708	0.864185
0.229336	0.864167
0.229965	0.864148
0.230593	0.86413
0.231221	0.864111
0.23185	0.864093
0.232478	0.864075
0.233106	0.864056
0.233734	0.864037
0.234363	0.864019
0.234991	0.864
0.235619	0.863981
0.236248	0.863962
0.236876	0.863944
0.237504	0.863925
0.238133	0.863906
0.238761	0.863887
0.239389	0.863868
0.240018	0.863848
0.240646	0.863829
0.241274	0.86381
0.241903	0.863791
0.242531	0.863771
0.243159	0.863752
0.243788	0.863733
0.244416	0.863713
0.245044	0.863694
0.245673	0.863674
0.246301	0.863654
0.246929	0.863635
0.247558	0.863615
0.248186	0.863595
0.248814	0.863575
0.249442	0.863555
0.250071	0.863535
0.250699	0.863515
0.251327	0.863495
0.251956	0.863475
0.252584	0.863455
0.253212	0.863435
0.253841	0.863414
0.254469	0.863394
0.255097	0.863374
0.255726	0.863353
0.256354	0.863333
0.256982	0.863312
0.257611	0.863292
0.258239	0.863271
0.258867	0.86325
0.259496	0.86323
0.260124	0.863209
0.260752	0.863188
0.261381	0.863167
0.262009	0.863146
0.262637	0.863125
0.263265	0.863104
0.263894	0.863083
0.264522	0.863062
0.26515	0.86304
0.265779	0.863019
0.266407	0.862998
0.267035	0.862977
0.267664	0.862955
0.268292	0.862934
0.26892	0.862912
0.269549	0.86289
0.270177	0.862869
0.270805	0.862847
0.271434	0.862825
0.272062	0.862804
0.27269	0.862782
0.273319	0.86276
0.273947	0.862738
0.274575	0.862716
0.275204	0.862694
0.275832	0.862672
0.27646	0.862649
0.277088	0.862627
0.277717	0.862605
0.278345	0.862583
0.278973	0.86256
0.279602	0.862538
0.28023	0.862515
0.280858	0.862493
0.281487	0.86247
0.282115	0.862448
0.282743	0.862425
0.283372	0.862402
0.284	0.862379
0.284628	0.862356
0.285257	0.862334
0.285885	0.862311
0.286513	0.862288
0.287142	0.862264
0.28777	0.862241
0.288398	0.862218
0.289027	0.862195
0.289655	0.862172
0.290283	0.862148
0.290911	0.862125
0.29154	0.862101
0.292168	0.862078
0.292796	0.862054
0.293425	0.862031
0.294053	0.862007
0.294681	0.861983
0.29531	0.86196
0.295938	0.861936
0.296566	0.861912
0.297195	0.861888
0.297823	0.861864
0.298451	0.86184
0.29908	0.861816
0.299708	0.861792
0.300336	0.861768
0.300965	0.861743
0.301593	0.861719
0.302221	0.861695
0.30285	0.86167
0.303478	0.861646
0.304106	0.861621
0.304734	0.861597
0.305363	0.861572
0.305991	0.861548
0.306619	0.861523
0.307248	0.861498
0.307876	0.861473
0.308504	0.861448
0.309133	0.861423
0.309761	0.861398
0.310389	0.861373
0.311018	0.861348
0.311646	0.861323
0.312274	0.861298
0.312903	0.861273
0.313531	0.861247
0.314159	0.861222
0.314788	0.861197
0.315416	0.861171
0.316044	0.861146
0.316673	0.86112
0.317301	0.861094
0.317929	0.861069
0.318557	0.861043
0.319186	0.861017
0.319814	0.860991
0.320442	0.860965
0.321071	0.860939
0.321699	0.860913
0.322327	0.860887
0.322956	0.860861
0.323584	0.860835
0.324212	0.860809
0.324841	0.860782
0.325469	0.860756
0.326097	0.86073
0.326726	0.860703
0.327354	0.860677
0.327982	0.86065
0.328611	0.860624
0.329239	0.860597
0.329867	0.86057
0.330496	0.860544
0.331124	0.860517
0.331752	0.86049
0.332381	0.860463
0.333009	0.860436
0.333637	0.860409
0.334265	0.860382
0.334894	0.860355
0.335522	0.860327
0.33615	0.8603
0.336779	0.860273
0.337407	0.860246
0.338035	0.860218
0.338664	0.860191
0.339292	0.860163
0.33992	0.860136
0.340549	0.860108
0.341177	0.86008
0.341805	0.860052
0.342434	0.860025
0.343062	0.859997
0.34369	0.859969
0.344319	0.859941
0.344947	0.859913
0.345575	0.859885
0.346204	0.859857
0.346832	0.859829
0.34746	0.8598
0.348088	0.859772
0.348717	0.859744
0.349345	0.859715
0.349973	0.859687
0.350602	0.859658
0.35123	0.85963
0.351858	0.859601
0.352487	0.859573
0.353115	0.859544
0.353743	0.859515
0.354372	0.859486
0.355	0.859457
0.355628	0.859429
0.356257	0.8594
0.356885	0.85937
0.357513	0.859341
0.358142	0.859312
0.35877	0.859283
0.359398	0.859254
0.360027	0.859224
0.360655	0.859195
0.361283	0.859166
0.361911	0.859136
0.36254	0.859107
0.363168	0.859077
0.363796	0.859047
0.364425	0.859018
0.365053	0.858988
0.365681	0.858958
0.36631	0.858928
0.366938	0.858898
0.367566	0.858868
0.368195	0.858838
0.368823	0.858808
0.369451	0.858778
0.37008	0.858748
0.370708	0.858718
0.371336	0.858688
0.371965	0.858657
0.372593	0.858627
0.373221	0.858596
0.37385	0.858566
0.374478	0.858535
0.375106	0.858505
0.375734	0.858474
0.376363	0.858443
0.376991	0.858412
0.377619	0.858382
0.378248	0.858351
0.378876	0.85832
0.379504	0.858289
0.380133	0.858258
0.380761	0.858227
0.381389	0.858195
0.382018	0.858164
0.382646	0.858133
0.383274	0.858102
0.383903	0.85807
0.384531	0.858039
0.385159	0.858007
0.385788	0.857976
0.386416	0.857944
0.387044	0.857913
0.387673	0.857881
0.388301	0.857849
0.388929	0.857817
0.389557	0.857785
0.390186	0.857754
0.390814	0.857722
0.391442	0.85769
0.392071	0.857657
0.392699	0.857625
0.393327	0.857593
0.393956	0.857561
0.394584	0.857529
0.395212	0.857496
0.395841	0.857464
0.396469	0.857431
0.397097	0.857399
0.397726	0.857366
0.398354	0.857334
0.398982	0.857301
0.399611	0.857268
0.400239	0.857235
0.400867	0.857203
0.401496	0.85717
0.402124	0.857137
0.402752	0.857104
0.40338	0.857071
0.404009	0.857038
0.404637	0.857004
0.405265	0.856971
0.405894	0.856938
0.406522	0.856905
0.40715	0.856871
0.407779	0.856838
0.408407	0.856804
0.409035	0.856771
0.409664	0.856737
0.410292	0.856703
0.41092	0.85667
0.411549	0.856636
0.412177	0.856602
0.412805	0.856568
0.413434	0.856534
0.414062	0.8565
0.41469	0.856466
0.415319	0.856432
0.415947	0.856398
0.416575	0.856364
0.417204	0.85633
0.417832	0.856295
0.41846	0.856261
0.419088	0.856227
0.419717	0.856192
0.420345	0.856158
0.420973	0.856123
0.421602	0.856088
0.42223	0.856054
0.422858	0.856019
0.423487	0.855984
0.424115	0.855949
0.424743	0.855914
0.425372	0.85588
0.426	0.855845
0.426628	0.85581
0.427257	0.855774
0.427885	0.855739
0.428513	0.855704
0.429142	0.855669
0.42977	0.855633
0.430398	0.855598
0.431027	0.855563
0.431655	0.855527
0.432283	0.855492
0.432911	0.855456
0.43354	0.85542
0.434168	0.855385
0.434796	0.855349
0.435425	0.855313
0.436053	0.855277
0.436681	0.855241
0.43731	0.855205
0.437938	0.855169
0.438566	0.855133
0.439195	0.855097
0.439823	0.855061
0.440451	0.855025
0.44108	0.854989
0.441708	0.854952
0.442336	0.854916
0.442965	0.85488
0.443593	0.854843
0.444221	0.854807
0.44485	0.85477
0.445478	0.854733
0.446106	0.854697
0.446734	0.85466
0.447363	0.854623
0.447991	0.854586
0.448619	0.854549
0.449248	0.854512
0.449876	0.854475
0.450504	0.854438
0.451133	0.854401
0.451761	0.854364
0.452389	0.854327
0.453018	0.85429
0.453646	0.854252
0.454274	0.854215
0.454903	0.854178
0.455531	0.85414
0.456159	0.854103
0.456788	0.854065
0.457416	0.854027
0.458044	0.85399
0.458673	0.853952
0.459301	0.853914
0.459929	0.853876
0.460557	0.853838
0.461186	0.853801
0.461814	0.853763
0.462442	0.853725
0.463071	0.853686
0.463699	0.853648
0.464327	0.85361
0.464956	0.853572
0.465584	0.853534
0.466212	0.853495
0.466841	0.853457
0.467469	0.853419
0.468097	0.85338
0.468726	0.853342
0.469354	0.853303
0.469982	0.853264
0.470611	0.853226
0.471239	0.853187
0.471867	0.853148
0.472496	0.853109
0.473124	0.85307
0.473752	0.853031
0.47438	0.852993
0.475009	0.852954
0.475637	0.852914
0.476265	0.852875
0.476894	0.852836
0.477522	0.852797
0.47815	0.852758
0.478779	0.852718
0.479407	0.852679
0.480035	0.85264
0.480664	0.8526
0.481292	0.852561
0.48192	0.852521
0.482549	0.852481
0.483177	0.852442
0.483805	0.852402
0.484434	0.852362
0.485062	0.852323
0.48569	0.852283
0.486319	0.852243
0.486947	0.852203
0.487575	0.852163
0.488203	0.852123
0.488832	0.852083
0.48946	0.852043
0.490088	0.852003
0.490717	0.851962
0.491345	0.851922
0.491973	0.851882
0.492602	0.851841
0.49323	0.851801
0.493858	0.851761
0.494487	0.85172
0.495115	0.85168
0.495743	0.851639
0.496372	0.851598
0.497	0.851558
0.497628	0.851517
0.498257	0.851476
0.498885	0.851435
0.499513	0.851395
0.500142	0.851354
0.50077	0.851313
0.501398	0.851272
0.502027	0.851231
0.502655	0.85119
0.503283	0.851149
0.503911	0.851107
0.50454	0.851066
0.505168	0.851025
0.505796	0.850984
0.506425	0.850942
0.507053	0.850901
0.507681	0.85086
0.50831	0.850818
0.508938	0.850777
0.509566	0.850735
0.510195	0.850694
0.510823	0.850652
0.511451	0.85061
0.51208	0.850569
0.512708	0.850527
0.513336	0.850485
0.513965	0.850443
0.514593	0.850402
0.515221	0.85036
0.51585	0.850318
0.516478	0.850276
0.517106	0.850234
0.517734	0.850192
0.518363	0.85015
0.518991	0.850108
0.519619	0.850065
0.520248	0.850023
0.520876	0.849981
0.521504	0.849939
0.522133	0.849896
0.522761	0.849854
0.523389	0.849812
0.524018	0.849769
0.524646	0.849727
0.525274	0.849684
0.525903	0.849642
0.526531	0.849599
0.527159	0.849557
0.527788	0.849514
0.528416	0.849471
0.529044	0.849429
0.529673	0.849386
0.530301	0.849343
0.530929	0.8493
0.531557	0.849257
0.532186	0.849215
0.532814	0.849172
0.533442	0.849129
0.534071	0.849086
0.534699	0.849043
0.535327	0.849
0.535956	0.848957
0.536584	0.848914
0.537212	0.848871
0.537841	0.848827
0.538469	0.848784
0.539097	0.848741
0.539726	0.848698
0.540354	0.848655
0.540982	0.848611
0.541611	0.848568
0.542239	0.848525
0.542867	0.848481
0.543496	0.848438
0.544124	0.848395
0.544752	0.848351
0.54538	0.848308
0.546009	0.848264
0.546637	0.848221
0.547265	0.848177
0.547894	0.848134
0.548522	0.84809
0.54915	0.848046
0.549779	0.848003
0.550407	0.847959
0.551035	0.847915
0.551664	0.847872
0.552292	0.847828
0.55292	0.847784
0.553549	0.847741
0.554177	0.847697
0.554805	0.847653
0.555434	0.847609
0.556062	0.847565
0.55669	0.847521
0.557319	0.847478
0.557947	0.847434
0.558575	0.84739
0.559203	0.847346
0.559832	0.847302
0.56046	0.847258
0.561088	0.847214
0.561717	0.84717
0.562345	0.847126
0.562973	0.847082
0.563602	0.847038
0.56423	0.846994
0.564858	0.84695
0.565487	0.846906
0.566115	0.846862
0.566743	0.846818
0.567372	0.846774
0.568	0.84673
0.568628	0.846686
0.569257	0.846642
0.569885	0.846598
0.570513	0.846554
0.571142	0.84651
0.57177	0.846466
0.572398	0.846421
0.573027	0.846377
0.573655	0.846333
0.574283	0.846289
0.574911	0.846245
0.57554	0.846201
0.576168	0.846157
0.576796	0.846113
0.577425	0.846069
0.578053	0.846025
0.578681	0.845981
0.57931	0.845937
0.579938	0.845893
0.580566	0.845848
0.581195	0.845804
0.581823	0.84576
0.582451	0.845716
0.58308	0.845672
0.583708	0.845628
0.584336	0.845584
0.584965	0.84554
0.585593	0.845496
0.586221	0.845452
0.58685	0.845409
0.587478	0.845365
0.588106	0.845321
0.588734	0.845277
0.589363	0.845233
0.589991	0.845189
0.590619	0.845145
0.591248	0.845102
0.591876	0.845058
0.592504	0.845014
0.593133	0.84497
0.593761	0.844927
0.594389	0.844883
0.595018	0.844839
0.595646	0.844796
0.596274	0.844752
0.596903	0.844709
0.597531	0.844665
0.598159	0.844622
0.598788	0.844578
0.599416	0.844535
0.600044	0.844491
0.600673	0.844448
0.601301	0.844405
0.601929	0.844362
0.602557	0.844318
0.603186	0.844275
0.603814	0.844232
0.604442	0.844189
0.605071	0.844146
0.605699	0.844103
0.606327	0.84406
0.606956	0.844017
0.607584	0.843974
0.608212	0.843932
0.608841	0.843889
0.609469	0.843846
0.610097	0.843804
0.610726	0.843761
0.611354	0.843719
0.611982	0.843677
0.612611	0.843634
0.613239	0.843592
0.613867	0.84355
0.614496	0.843508
0.615124	0.843466
0.615752	0.843424
0.61638	0.843382
0.617009	0.84334
0.617637	0.843298
0.618265	0.843257
0.618894	0.843215
0.619522	0.843174
0.62015	0.843132
0.620779	0.843091
0.621407	0.84305
0.622035	0.843009
0.622664	0.842968
0.623292	0.842927
0.62392	0.842886
0.624549	0.842845
0.625177	0.842804
0.625805	0.842764
0.626434	0.842724
0.627062	0.842683
0.62769	0.842643
0.628319	0.842603
0.628947	0.842563
0.629575	0.842523
0.630203	0.842484
0.630832	0.842444
0.63146	0.842404
0.632088	0.842365
0.632717	0.842326
0.633345	0.842287
0.633973	0.842248
0.634602	0.842209
0.63523	0.84217
0.635858	0.842132
0.636487	0.842094
0.637115	0.842055
0.637743	0.842017
0.638372	0.841979
0.639	0.841942
0.639628	0.841904
0.640257	0.841867
0.640885	0.841829
0.641513	0.841792
0.642142	0.841755
0.64277	0.841719
0.643398	0.841682
0.644026	0.841646
0.644655	0.84161
0.645283	0.841574
0.645911	0.841538
0.64654	0.841502
0.647168	0.841467
0.647796	0.841432
0.648425	0.841397
0.649053	0.841362
0.649681	0.841327
0.65031	0.841293
0.650938	0.841259
0.651566	0.841225
0.652195	0.841191
0.652823	0.841158
0.653451	0.841125
0.65408	0.841092
0.654708	0.841059
0.655336	0.841027
0.655965	0.840995
0.656593	0.840963
0.657221	0.840931
0.65785	0.8409
0.658478	0.840868
0.659106	0.840838
0.659734	0.840807
0.660363	0.840777
0.660991	0.840747
0.661619	0.840717
0.662248	0.840688
0.662876	0.840659
0.663504	0.84063
0.664133	0.840602
0.664761	0.840574
0.665389	0.840546
0.666018	0.840518
0.666646	0.840491
0.667274	0.840465
0.667903	0.840438
0.668531	0.840412
0.669159	0.840387
0.669788	0.840361
0.670416	0.840337
0.671044	0.840312
0.671673	0.840288
0.672301	0.840264
0.672929	0.840241
0.673557	0.840218
0.674186	0.840196
0.674814	0.840174
0.675442	0.840152
0.676071	0.840131
0.676699	0.84011
0.677327	0.84009
0.677956	0.84007
0.678584	0.840051
0.679212	0.840032
0.679841	0.840014
0.680469	0.839996
0.681097	0.839979
0.681726	0.839962
0.682354	0.839946
0.682982	0.83993
0.683611	0.839915
0.684239	0.839901
0.684867	0.839886
0.685496	0.839873
0.686124	0.83986
0.686752	0.839848
0.68738	0.839836
0.688009	0.839825
0.688637	0.839815
0.689265	0.839805
0.689894	0.839796
0.690522	0.839787
0.69115	0.83978
0.691779	0.839773
0.692407	0.839766
0.693035	0.83976
0.693664	0.839755
0.694292	0.839751
0.69492	0.839748
0.695549	0.839745
0.696177	0.839743
0.696805	0.839742
0.697434	0.839742
0.698062	0.839742
0.69869	0.839743
0.699319	0.839745
0.699947	0.839748
0.700575	0.839752
0.701203	0.839757
0.701832	0.839763
0.70246	0.839769
0.703088	0.839777
0.703717	0.839786
0.704345	0.839795
0.704973	0.839806
0.705602	0.839817
0.70623	0.83983
0.706858	0.839843
0.707487	0.839858
0.708115	0.839874
0.708743	0.839891
0.709372	0.839909
0.71	0.839928
0.710628	0.839948
0.711257	0.83997
0.711885	0.839993
0.712513	0.840017
0.713142	0.840042
0.71377	0.840069
0.714398	0.840097
0.715026	0.840126
0.715655	0.840157
0.716283	0.840189
0.716911	0.840222
0.71754	0.840257
0.718168	0.840294
0.718796	0.840332
0.719425	0.840371
0.720053	0.840412
0.720681	0.840455
0.72131	0.840499
0.721938	0.840545
0.722566	0.840593
0.723195	0.840642
0.723823	0.840693
0.724451	0.840746
0.72508	0.840801
0.725708	0.840858
0.726336	0.840917
0.726965	0.840977
0.727593	0.84104
0.728221	0.841104
0.728849	0.841171
0.729478	0.84124
0.730106	0.841311
0.730734	0.841384
0.731363	0.84146
0.731991	0.841538
0.732619	0.841618
0.733248	0.841701
0.733876	0.841786
0.734504	0.841874
0.735133	0.841964
0.735761	0.842057
0.736389	0.842152
0.737018	0.842251
0.737646	0.842352
0.738274	0.842456
0.738903	0.842563
0.739531	0.842673
0.740159	0.842786
0.740788	0.842903
0.741416	0.843022
0.742044	0.843145
0.742673	0.843271
0.743301	0.843401
0.743929	0.843534
0.744557	0.843671
0.745186	0.843812
0.745814	0.843956
0.746442	0.844104
0.747071	0.844257
0.747699	0.844413
0.748327	0.844574
0.748956	0.844739
0.749584	0.844908
0.750212	0.845082
0.750841	0.845261
0.751469	0.845444
0.752097	0.845632
0.752726	0.845825
0.753354	0.846024
0.753982	0.846227
0.754611	0.846437
0.755239	0.846651
0.755867	0.846872
0.756496	0.847098
0.757124	0.84733
0.757752	0.847569
0.75838	0.847814
0.759009	0.848066
0.759637	0.848324
0.760265	0.848589
0.760894	0.848862
0.761522	0.849142
0.76215	0.849429
0.762779	0.849725
0.763407	0.850028
0.764035	0.85034
0.764664	0.85066
0.765292	0.850989
0.76592	0.851328
0.766549	0.851676
0.767177	0.852033
0.767805	0.852401
0.768434	0.852779
0.769062	0.853168
0.76969	0.853568
0.770319	0.85398
0.770947	0.854403
0.771575	0.854839
0.772203	0.855288
0.772832	0.85575
0.77346	0.856226
0.774088	0.856716
0.774717	0.857221
0.775345	0.857742
0.775973	0.858279
0.776602	0.858832
0.77723	0.859403
0.777858	0.859993
0.778487	0.860601
0.779115	0.861229
0.779743	0.861878
0.780372	0.862548
0.781	0.863242
0.781628	0.863959
0.782257	0.864701
0.782885	0.865469
0.783513	0.866266
0.784142	0.867091
0.78477	0.867947
0.785398	0.868835
0.786026	0.869758
0.786655	0.870718
0.787283	0.871716
0.787911	0.872755
0.78854	0.873839
0.789168	0.874969
0.789796	0.876151
0.790425	0.877386
0.791053	0.878681
0.791681	0.88004
0.79231	0.881468
0.792938	0.882972
0.793566	0.88456
0.794195	0.88624
0.794823	0.888024
0.795451	0.889925
0.79608	0.891957
0.796708	0.894142
0.797336	0.896506
0.797965	0.899081
0.798593	0.901914
0.799221	0.905073
0.799849	0.908663
0.800478	0.912859
0.801106	0.91802
0.801734	0.92514
0.802363	0.940573
0.802991	0.941431
0.803619	0.94195
0.804248	0.942363
0.804876	0.942717
0.805504	0.943031
0.806133	0.943317
0.806761	0.94358
0.807389	0.943825
0.808018	0.944053
0.808646	0.944268
0.809274	0.94447
0.809903	0.944661
0.810531	0.944842
0.811159	0.945012
0.811788	0.945174
0.812416	0.945327
0.813044	0.945471
0.813672	0.945606
0.814301	0.945734
0.814929	0.945853
0.815557	0.945964
0.816186	0.946067
0.816814	0.946162
0.817442	0.946248
0.818071	0.946326
0.818699	0.946395
0.819327	0.946456
0.819956	0.946508
0.820584	0.946551
0.821212	0.946584
0.821841	0.946607
0.822469	0.946621
0.823097	0.946623
0.823726	0.946616
0.824354	0.946597
0.824982	0.946566
0.825611	0.946523
0.826239	0.946468
0.826867	0.9464
0.827496	0.946318
0.828124	0.946221
0.828752	0.94611
0.82938	0.945983
0.830009	0.94584
0.830637	0.94568
0.831265	0.945502
0.831894	0.945305
0.832522	0.945089
0.83315	0.944852
0.833779	0.944593
0.834407	0.944312
0.835035	0.944007
0.835664	0.943677
0.836292	0.94332
0.83692	0.942936
0.837549	0.942522
0.838177	0.942078
0.838805	0.941602
0.839434	0.941091
0.840062	0.940545
0.84069	0.939961
0.841319	0.939336
0.841947	0.93867
0.842575	0.93796
0.843203	0.937202
0.843832	0.936395
0.84446	0.935535
0.845088	0.934621
0.845717	0.933647
0.846345	0.932612
0.846973	0.931512
0.847602	0.930342
0.84823	0.929098
0.848858	0.927777
0.849487	0.926374
0.850115	0.924883
0.850743	0.923299
0.851372	0.921618
0.852	0.919831
0.852628	0.917935
0.853257	0.91592
0.853885	0.913781
0.854513	0.911508
0.855142	0.909095
0.85577	0.906531
0.856398	0.903808
0.857026	0.900914
0.857655	0.897839
0.858283	0.894572
0.858911	0.891099
0.85954	0.887407
0.860168	0.883482
0.860796	0.879309
0.861425	0.87487
0.862053	0.870149
0.862681	0.865127
0.86331	0.859783
0.863938	0.854097
0.864566	0.848046
0.865195	0.841605
0.865823	0.834748
0.866451	0.82745
0.86708	0.81968
0.867708	0.811409
0.868336	0.802604
0.868965	0.793232
0.869593	0.783258
0.870221	0.772646
0.870849	0.761356
0.871478	0.749352
0.872106	0.736592
0.872734	0.723038
0.873363	0.708649
0.873991	0.693386
0.874619	0.677212
0.875248	0.660092
0.875876	0.641993
0.876504	0.62289
0.877133	0.602762
0.877761	0.581596
0.878389	0.559391
0.879018	0.536156
0.879646	0.511916
0.880274	0.486712
0.880903	0.460606
0.881531	0.43368
0.882159	0.40604
0.882788	0.377819
0.883416	0.349176
0.884044	0.320297
0.884672	0.291395
0.885301	0.262706
0.885929	0.23449
0.886557	0.207021
0.887186	0.180584
0.887814	0.155467
0.888442	0.131953
0.889071	0.110309
0.889699	0.0907809
0.890327	0.0735814
0.890956	0.0588845
0.891584	0.0468191
0.892212	0.0374656
0.892841	0.0308543
0.893469	0.0269662
0.894097	0.0257355
0.894726	0.0270546
0.895354	0.0307803
0.895982	0.0367403
0.896611	0.0447406
0.897239	0.0545732
0.897867	0.0660228
0.898495	0.0788728
0.899124	0.0929108
0.899752	0.107933
0.90038	0.123746
0.901009	0.140173
0.901637	0.15705
0.902265	0.174231
0.902894	0.191585
0.903522	0.208999
0.90415	0.226373
0.904779	0.243623
0.905407	0.260679
0.906035	0.277479
0.906664	0.293977
0.907292	0.310134
0.90792	0.325918
0.908549	0.341308
0.909177	0.356287
0.909805	0.370844
0.910434	0.384972
0.911062	0.398668
0.91169	0.411934
0.912319	0.424773
0.912947	0.437191
0.913575	0.449194
0.914203	0.460791
0.914832	0.471993
0.91546	0.482809
0.916088	0.493252
0.916717	0.503332
0.917345	0.513061
0.917973	0.522451
0.918602	0.531514
0.91923	0.540263
0.919858	0.548707
0.920487	0.55686
0.921115	0.564732
0.921743	0.572334
0.922372	0.579677
0.923	0.58677
0.923628	0.593625
0.924257	0.60025
0.924885	0.606654
0.925513	0.612847
0.926142	0.618837
0.92677	0.624632
0.927398	0.630241
0.928026	0.63567
0.928655	0.640926
0.929283	0.646018
0.929911	0.65095
0.93054	0.65573
0.931168	0.660364
0.931796	0.664857
0.932425	0.669215
0.933053	0.673444
0.933681	0.677547
0.93431	0.681531
0.934938	0.685399
0.935566	0.689156
0.936195	0.692806
0.936823	0.696354
0.937451	0.699803
0.93808	0.703156
0.938708	0.706418
0.939336	0.709591
0.939965	0.71268
0.940593	0.715686
0.941221	0.718613
0.941849	0.721464
0.942478	0.724241
0.943106	0.726947
0.943734	0.729584
0.944363	0.732156
0.944991	0.734663
0.945619	0.737109
0.946248	0.739495
0.946876	0.741823
0.947504	0.744095
0.948133	0.746314
0.948761	0.74848
0.949389	0.750596
0.950018	0.752663
0.950646	0.754683
0.951274	0.756657
0.951903	0.758587
0.952531	0.760474
0.953159	0.762319
0.953788	0.764124
0.954416	0.76589
0.955044	0.767618
0.955672	0.769309
0.956301	0.770964
0.956929	0.772585
0.957557	0.774172
0.958186	0.775727
0.958814	0.77725
0.959442	0.778742
0.960071	0.780204
0.960699	0.781637
0.961327	0.783042
0.961956	0.78442
0.962584	0.785771
0.963212	0.787096
0.963841	0.788396
0.964469	0.789671
0.965097	0.790923
0.965726	0.792151
0.966354	0.793356
0.966982	0.79454
0.967611	0.795702
0.968239	0.796843
0.968867	0.797964
0.969495	0.799065
0.970124	0.800147
0.970752	0.80121
0.97138	0.802255
0.972009	0.803281
0.972637	0.804291
0.973265	0.805283
0.973894	0.806259
0.974522	0.807218
0.97515	0.808162
0.975779	0.80909
0.976407	0.810003
0.977035	0.810902
0.977664	0.811786
0.978292	0.812656
0.97892	0.813512
0.979549	0.814356
0.980177	0.815186
0.980805	0.816003
0.981434	0.816808
0.982062	0.8176
0.98269	0.818381
0.983319	0.81915
0.983947	0.819907
0.984575	0.820654
0.985203	0.821389
0.985832	0.822114
0.98646	0.822829
0.987088	0.823533
0.987717	0.824227
0.988345	0.824912
0.988973	0.825587
0.989602	0.826252
0.99023	0.826908
0.990858	0.827556
0.991487	0.828194
0.992115	0.828824
0.992743	0.829446
0.993372	0.830059
0.994	0.830664
0.994628	0.831261
0.995257	0.831851
0.995885	0.832432
0.996513	0.833007
0.997142	0.833574
0.99777	0.834133
0.998398	0.834686
0.999026	0.835232
0.999655	0.835771
1.00028	0.836303
1.00091	0.836829
1.00154	0.837349
1.00217	0.837862
1.0028	0.838369
1.00342	0.83887
1.00405	0.839365
1.00468	0.839854
1.00531	0.840338
1.00594	0.840816
1.00657	0.841288
1.00719	0.841755
1.00782	0.842217
1.00845	0.842673
1.00908	0.843124
1.00971	0.843571
1.01034	0.844012
1.01096	0.844449
1.01159	0.84488
1.01222	0.845307
1.01285	0.84573
1.01348	0.846148
1.01411	0.846561
1.01473	0.84697
1.01536	0.847375
1.01599	0.847776
1.01662	0.848172
1.01725	0.848564
1.01788	0.848953
1.0185	0.849337
1.01913	0.849718
1.01976	0.850094
1.02039	0.850467
1.02102	0.850836
1.02165	0.851202
1.02227	0.851564
1.0229	0.851923
1.02353	0.852278
1.02416	0.852629
1.02479	0.852978
1.02542	0.853323
1.02604	0.853665
1.02667	0.854003
1.0273	0.854339
1.02793	0.854671
1.02856	0.855
1.02919	0.855327
1.02981	0.85565
1.03044	0.85597
1.03107	0.856288
1.0317	0.856603
1.03233	0.856915
1.03296	0.857224
1.03358	0.857531
1.03421	0.857835
1.03484	0.858136
1.03547	0.858435
1.0361	0.858731
1.03673	0.859025
1.03735	0.859317
1.03798	0.859605
1.03861	0.859892
1.03924	0.860176
1.03987	0.860458
1.0405	0.860738
1.04112	0.861015
1.04175	0.86129
1.04238	0.861563
1.04301	0.861834
1.04364	0.862103
1.04427	0.86237
1.04489	0.862634
1.04552	0.862897
1.04615	0.863157
1.04678	0.863416
1.04741	0.863673
1.04804	0.863927
1.04866	0.86418
1.04929	0.864431
1.04992	0.86468
1.05055	0.864928
1.05118	0.865173
1.05181	0.865417
1.05243	0.865659
1.05306	0.8659
1.05369	0.866138
1.05432	0.866376
1.05495	0.866611
1.05558	0.866845
1.0562	0.867077
1.05683	0.867308
1.05746	0.867537
1.05809	0.867764
1.05872	0.86799
1.05935	0.868215
1.05997	0.868438
1.0606	0.86866
1.06123	0.86888
1.06186	0.869099
1.06249	0.869316
1.06311	0.869532
1.06374	0.869747
1.06437	0.86996
1.065	0.870172
1.06563	0.870383
1.06626	0.870592
1.06688	0.870801
1.06751	0.871008
1.06814	0.871213
1.06877	0.871418
1.0694	0.871621
1.07003	0.871823
1.07065	0.872024
1.07128	0.872224
1.07191	0.872423
1.07254	0.87262
1.07317	0.872817
1.0738	0.873012
1.07442	0.873206
1.07505	0.873399
1.07568	0.873591
1.07631	0.873783
1.07694	0.873973
1.07757	0.874162
1.07819	0.87435
1.07882	0.874537
1.07945	0.874723
1.08008	0.874908
1.08071	0.875092
1.08134	0.875276
1.08196	0.875458
1.08259	0.875639
1.08322	0.87582
1.08385	0.875999
1.08448	0.876178
1.08511	0.876356
1.08573	0.876533
1.08636	0.876709
1.08699	0.876885
1.08762	0.877059
1.08825	0.877233
1.08888	0.877406
1.0895	0.877578
1.09013	0.877749
1.09076	0.87792
1.09139	0.87809
1.09202	0.878259
1.09265	0.878427
1.09327	0.878595
1.0939	0.878762
1.09453	0.878928
1.09516	0.879093
1.09579	0.879258
1.09642	0.879422
1.09704	0.879586
1.09767	0.879748
1.0983	0.879911
1.09893	0.880072
1.09956	0.880233
1.10019	0.880393
1.10081	0.880552
1.10144	0.880711
1.10207	0.88087
1.1027	0.881027
1.10333	0.881184
1.10396	0.881341
1.10458	0.881497
1.10521	0.881652
1.10584	0.881807
1.10647	0.881961
1.1071	0.882115
1.10773	0.882268
1.10835	0.882421
1.10898	0.882573
1.10961	0.882724
1.11024	0.882875
1.11087	0.883026
1.1115	0.883176
1.11212	0.883325
1.11275	0.883474
1.11338	0.883623
1.11401	0.883771
1.11464	0.883919
1.11527	0.884066
1.11589	0.884212
1.11652	0.884359
1.11715	0.884504
1.11778	0.88465
1.11841	0.884795
1.11904	0.884939
1.11966	0.885083
1.12029	0.885227
1.12092	0.88537
1.12155	0.885513
1.12218	0.885655
1.12281	0.885798
1.12343	0.885939
1.12406	0.88608
1.12469	0.886221
1.12532	0.886362
1.12595	0.886502
1.12658	0.886642
1.1272	0.886781
1.12783	0.88692
1.12846	0.887059
1.12909	0.887197
1.12972	0.887336
1.13035	0.887473
1.13097	0.887611
1.1316	0.887748
1.13223	0.887884
1.13286	0.888021
1.13349	0.888157
1.13411	0.888293
1.13474	0.888428
1.13537	0.888564
1.136	0.888699
1.13663	0.888833
1.13726	0.888968
1.13788	0.889102
1.13851	0.889235
1.13914	0.889369
1.13977	0.889502
1.1404	0.889635
1.14103	0.889768
1.14165	0.889901
1.14228	0.890033
1.14291	0.890165
1.14354	0.890297
1.14417	0.890428
1.1448	0.890559
1.14542	0.89069
1.14605	0.890821
1.14668	0.890952
1.14731	0.891082
1.14794	0.891212
1.14857	0.891342
1.14919	0.891472
1.14982	0.891602
1.15045	0.891731
1.15108	0.89186
1.15171	0.891989
1.15234	0.892118
1.15296	0.892247
1.15359	0.892375
1.15422	0.892503
1.15485	0.892631
1.15548	0.892759
1.15611	0.892887
1.15673	0.893014
1.15736	0.893142
1.15799	0.893269
1.15862	0.893396
1.15925	0.893523
1.15988	0.893649
1.1605	0.893776
1.16113	0.893902
1.16176	0.894029
1.16239	0.894155
1.16302	0.894281
1.16365	0.894407
1.16427	0.894533
1.1649	0.894658
1.16553	0.894784
1.16616	0.894909
1.16679	0.895034
1.16742	0.895159
1.16804	0.895284
1.16867	0.895409
1.1693	0.895534
1.16993	0.895659
1.17056	0.895783
1.17119	0.895908
1.17181	0.896032
1.17244	0.896157
1.17307	0.896281
1.1737	0.896405
1.17433	0.896529
1.17496	0.896653
1.17558	0.896777
1.17621	0.8969
1.17684	0.897024
1.17747	0.897148
1.1781	0.897271
1.17873	0.897395
1.17935	0.897518
1.17998	0.897641
1.18061	0.897765
1.18124	0.897888
1.18187	0.898011
1.1825	0.898134
1.18312	0.898257
1.18375	0.89838
1.18438	0.898503
1.18501	0.898626
1.18564	0.898749
1.18627	0.898872
1.18689	0.898994
1.18752	0.899117
1.18815	0.89924
1.18878	0.899362
1.18941	0.899485
1.19004	0.899608
1.19066	0.89973
1.19129	0.899853
1.19192	0.899975
1.19255	0.900098
1.19318	0.90022
1.19381	0.900342
1.19443	0.900465
1.19506	0.900587
1.19569	0.90071
1.19632	0.900832
1.19695	0.900954
1.19758	0.901077
1.1982	0.901199
1.19883	0.901321
1.19946	0.901444
1.20009	0.901566
1.20072	0.901688
1.20135	0.901811
1.20197	0.901933
1.2026	0.902056
1.20323	0.902178
1.20386	0.9023
1.20449	0.902423
1.20511	0.902545
1.20574	0.902668
1.20637	0.90279
1.207	0.902912
1.20763	0.903035
1.20826	0.903157
1.20888	0.90328
1.20951	0.903403
1.21014	0.903525
1.21077	0.903648
1.2114	0.90377
1.21203	0.903893
1.21265	0.904016
1.21328	0.904138
1.21391	0.904261
1.21454	0.904384
1.21517	0.904507
1.2158	0.90463
1.21642	0.904753
1.21705	0.904876
1.21768	0.904999
1.21831	0.905122
1.21894	0.905245
1.21957	0.905368
1.22019	0.905492
1.22082	0.905615
1.22145	0.905738
1.22208	0.905862
1.22271	0.905985
1.22334	0.906109
1.22396	0.906232
1.22459	0.906356
1.22522	0.90648
1.22585	0.906603
1.22648	0.906727
1.22711	0.906851
1.22773	0.906975
1.22836	0.907099
1.22899	0.907223
1.22962	0.907348
1.23025	0.907472
1.23088	0.907596
1.2315	0.907721
1.23213	0.907845
1.23276	0.90797
1.23339	0.908094
1.23402	0.908219
1.23465	0.908344
1.23527	0.908469
1.2359	0.908594
1.23653	0.908719
1.23716	0.908844
1.23779	0.90897
1.23842	0.909095
1.23904	0.90922
1.23967	0.909346
1.2403	0.909472
1.24093	0.909597
1.24156	0.909723
1.24219	0.909849
1.24281	0.909975
1.24344	0.910101
1.24407	0.910228
1.2447	0.910354
1.24533	0.91048
1.24596	0.910607
1.24658	0.910734
1.24721	0.91086
1.24784	0.910987
1.24847	0.911114
1.2491	0.911241
1.24973	0.911369
1.25035	0.911496
1.25098	0.911623
1.25161	0.911751
1.25224	0.911879
1.25287	0.912006
1.2535	0.912134
1.25412	0.912262
1.25475	0.912391
1.25538	0.912519
1.25601	0.912647
1.25664	0.912776
1.25727	0.912904
1.25789	0.913033
1.25852	0.913162
1.25915	0.913291
1.25978	0.91342
1.26041	0.91355
1.26104	0.913679
1.26166	0.913808
1.26229	0.913938
1.26292	0.914068
1.26355	0.914198
1.26418	0.914328
1.26481	0.914458
1.26543	0.914589
1.26606	0.914719
1.26669	0.91485
1.26732	0.91498
1.26795	0.915111
1.26858	0.915242
1.2692	0.915374
1.26983	0.915505
1.27046	0.915636
1.27109	0.915768
1.27172	0.9159
1.27235	0.916032
1.27297	0.916164
1.2736	0.916296
1.27423	0.916428
1.27486	0.916561
1.27549	0.916693
1.27611	0.916826
1.27674	0.916959
1.27737	0.917092
1.278	0.917226
1.27863	0.917359
1.27926	0.917493
1.27988	0.917626
1.28051	0.91776
1.28114	0.917894
1.28177	0.918028
1.2824	0.918163
1.28303	0.918297
1.28365	0.918432
1.28428	0.918567
1.28491	0.918702
1.28554	0.918837
1.28617	0.918972
1.2868	0.919108
1.28742	0.919243
1.28805	0.919379
1.28868	0.919515
1.28931	0.919651
1.28994	0.919788
1.29057	0.919924
1.29119	0.920061
1.29182	0.920198
1.29245	0.920335
1.29308	0.920472
1.29371	0.920609
1.29434	0.920747
1.29496	0.920884
1.29559	0.921022
1.29622	0.92116
1.29685	0.921298
1.29748	0.921437
1.29811	0.921575
1.29873	0.921714
1.29936	0.921853
1.29999	0.921992
1.30062	0.922131
1.30125	0.922271
1.30188	0.92241
1.3025	0.92255
1.30313	0.92269
1.30376	0.92283
1.30439	0.922971
1.30502	0.923111
1.30565	0.923252
1.30627	0.923393
1.3069	0.923534
1.30753	0.923675
1.30816	0.923817
1.30879	0.923958
1.30942	0.9241
1.31004	0.924242
1.31067	0.924384
1.3113	0.924527
1.31193	0.924669
1.31256	0.924812
1.31319	0.924955
1.31381	0.925098
1.31444	0.925242
1.31507	0.925385
1.3157	0.925529
1.31633	0.925673
1.31696	0.925817
1.31758	0.925961
1.31821	0.926106
1.31884	0.92625
1.31947	0.926395
1.3201	0.92654
1.32073	0.926685
1.32135	0.926831
1.32198	0.926977
1.32261	0.927122
1.32324	0.927268
1.32387	0.927415
1.3245	0.927561
1.32512	0.927708
1.32575	0.927855
1.32638	0.928002
1.32701	0.928149
1.32764	0.928296
1.32827	0.928444
1.32889	0.928592
1.32952	0.92874
1.33015	0.928888
1.33078	0.929037
1.33141	0.929185
1.33204	0.929334
1.33266	0.929483
1.33329	0.929632
1.33392	0.929782
1.33455	0.929931
1.33518	0.930081
1.33581	0.930231
1.33643	0.930382
1.33706	0.930532
1.33769	0.930683
1.33832	0.930834
1.33895	0.930985
1.33958	0.931136
1.3402	0.931287
1.34083	0.931439
1.34146	0.931591
1.34209	0.931743
1.34272	0.931896
1.34335	0.932048
1.34397	0.932201
1.3446	0.932354
1.34523	0.932507
1.34586	0.93266
1.34649	0.932814
1.34711	0.932968
1.34774	0.933122
1.34837	0.933276
1.349	0.93343
1.34963	0.933585
1.35026	0.93374
1.35088	0.933895
1.35151	0.93405
1.35214	0.934205
1.35277	0.934361
1.3534	0.934517
1.35403	0.934673
1.35465	0.934829
1.35528	0.934986
1.35591	0.935143
1.35654	0.9353
1.35717	0.935457
1.3578	0.935614
1.35842	0.935772
1.35905	0.93593
1.35968	0.936088
1.36031	0.936246
1.36094	0.936404
1.36157	0.936563
1.36219	0.936722
1.36282	0.936881
1.36345	0.93704
1.36408	0.9372
1.36471	0.937359
1.36534	0.937519
1.36596	0.93768
1.36659	0.93784
1.36722	0.938
1.36785	0.938161
1.36848	0.938322
1.36911	0.938484
1.36973	0.938645
1.37036	0.938807
1.37099	0.938969
1.37162	0.939131
1.37225	0.939293
1.37288	0.939455
1.3735	0.939618
1.37413	0.939781
1.37476	0.939944
1.37539	0.940108
1.37602	0.940271
1.37665	0.940435
1.37727	0.940599
1.3779	0.940763
1.37853	0.940928
1.37916	0.941093
1.37979	0.941257
1.38042	0.941423
1.38104	0.941588
1.38167	0.941753
1.3823	0.941919
1.38293	0.942085
1.38356	0.942251
1.38419	0.942418
1.38481	0.942584
1.38544	0.942751
1.38607	0.942918
1.3867	0.943086
1.38733	0.943253
1.38796	0.943421
1.38858	0.943589
1.38921	0.943757
1.38984	0.943925
1.39047	0.944094
1.3911	0.944263
1.39173	0.944432
1.39235	0.944601
1.39298	0.94477
1.39361	0.94494
1.39424	0.94511
1.39487	0.94528
1.3955	0.94545
1.39612	0.945621
1.39675	0.945791
1.39738	0.945962
1.39801	0.946133
1.39864	0.946305
1.39927	0.946476
1.39989	0.946648
1.40052	0.94682
1.40115	0.946992
1.40178	0.947165
1.40241	0.947338
1.40304	0.94751
1.40366	0.947684
1.40429	0.947857
1.40492	0.94803
1.40555	0.948204
1.40618	0.948378
1.40681	0.948552
1.40743	0.948727
1.40806	0.948901
1.40869	0.949076
1.40932	0.949251
1.40995	0.949426
1.41058	0.949602
1.4112	0.949777
1.41183	0.949953
1.41246	0.950129
1.41309	0.950305
1.41372	0.950482
1.41435	0.950658
1.41497	0.950835
1.4156	0.951012
1.41623	0.95119
1.41686	0.951367
1.41749	0.951545
1.41811	0.951723
1.41874	0.951901
1.41937	0.95208
1.42	0.952258
1.42063	0.952437
1.42126	0.952616
1.42188	0.952795
1.42251	0.952974
1.42314	0.953154
1.42377	0.953334
1.4244	0.953514
1.42503	0.953694
1.42565	0.953875
1.42628	0.954055
1.42691	0.954236
1.42754	0.954417
1.42817	0.954598
1.4288	0.95478
1.42942	0.954962
1.43005	0.955143
1.43068	0.955325
1.43131	0.955508
1.43194	0.95569
1.43257	0.955873
1.43319	0.956056
1.43382	0.956239
1.43445	0.956422
1.43508	0.956606
1.43571	0.956789
1.43634	0.956973
1.43696	0.957157
1.43759	0.957342
1.43822	0.957526
1.43885	0.957711
1.43948	0.957896
1.44011	0.958081
1.44073	0.958266
1.44136	0.958451
1.44199	0.958637
1.44262	0.958823
1.44325	0.959009
1.44388	0.959195
1.4445	0.959382
1.44513	0.959568
1.44576	0.959755
1.44639	0.959942
1.44702	0.96013
1.44765	0.960317
1.44827	0.960505
1.4489	0.960692
1.44953	0.96088
1.45016	0.961069
1.45079	0.961257
1.45142	0.961446
1.45204	0.961634
1.45267	0.961823
1.4533	0.962012
1.45393	0.962202
1.45456	0.962391
1.45519	0.962581
1.45581	0.962771
1.45644	0.962961
1.45707	0.963151
1.4577	0.963342
1.45833	0.963532
1.45896	0.963723
1.45958	0.963914
1.46021	0.964105
1.46084	0.964297
1.46147	0.964488
1.4621	0.96468
1.46273	0.964872
1.46335	0.965064
1.46398	0.965256
1.46461	0.965449
1.46524	0.965641
1.46587	0.965834
1.4665	0.966027
1.46712	0.96622
1.46775	0.966414
1.46838	0.966607
1.46901	0.966801
1.46964	0.966995
1.47027	0.967189
1.47089	0.967383
1.47152	0.967578
1.47215	0.967772
1.47278	0.967967
1.47341	0.968162
1.47404	0.968357
1.47466	0.968552
1.47529	0.968748
1.47592	0.968943
1.47655	0.969139
1.47718	0.969335
1.47781	0.969531
1.47843	0.969727
1.47906	0.969924
1.47969	0.97012
1.48032	0.970317
1.48095	0.970514
1.48158	0.970711
1.4822	0.970908
1.48283	0.971106
1.48346	0.971303
1.48409	0.971501
1.48472	0.971699
1.48535	0.971897
1.48597	0.972095
1.4866	0.972294
1.48723	0.972492
1.48786	0.972691
1.48849	0.97289
1.48911	0.973089
1.48974	0.973288
1.49037	0.973487
1.491	0.973687
1.49163	0.973886
1.49226	0.974086
1.49288	0.974286
1.49351	0.974486
1.49414	0.974686
1.49477	0.974887
1.4954	0.975087
1.49603	0.975288
1.49665	0.975489
1.49728	0.97569
1.49791	0.975891
1.49854	0.976092
1.49917	0.976294
1.4998	0.976495
1.50042	0.976697
1.50105	0.976899
1.50168	0.977101
1.50231	0.977303
1.50294	0.977505
1.50357	0.977708
1.50419	0.97791
1.50482	0.978113
1.50545	0.978316
1.50608	0.978519
1.50671	0.978722
1.50734	0.978925
1.50796	0.979128
1.50859	0.979332
1.50922	0.979535
1.50985	0.979739
1.51048	0.979943
1.51111	0.980147
1.51173	0.980351
1.51236	0.980556
1.51299	0.98076
1.51362	0.980965
1.51425	0.981169
1.51488	0.981374
1.5155	0.981579
1.51613	0.981784
1.51676	0.981989
1.51739	0.982194
1.51802	0.9824
1.51865	0.982605
1.51927	0.982811
1.5199	0.983017
1.52053	0.983223
1.52116	0.983429
1.52179	0.983635
1.52242	0.983841
1.52304	0.984047
1.52367	0.984254
1.5243	0.98446
1.52493	0.984667
1.52556	0.984874
1.52619	0.985081
1.52681	0.985288
1.52744	0.985495
1.52807	0.985702
1.5287	0.985909
1.52933	0.986117
1.52996	0.986325
1.53058	0.986532
1.53121	0.98674
1.53184	0.986948
1.53247	0.987156
1.5331	0.987364
1.53373	0.987572
1.53435	0.98778
1.53498	0.987989
1.53561	0.988197
1.53624	0.988406
1.53687	0.988614
1.5375	0.988823
1.53812	0.989032
1.53875	0.989241
1.53938	0.98945
1.54001	0.989659
1.54064	0.989868
1.54127	0.990078
1.54189	0.990287
1.54252	0.990497
1.54315	0.990706
1.54378	0.990916
1.54441	0.991126
1.54504	0.991335
1.54566	0.991545
1.54629	0.991755
1.54692	0.991965
1.54755	0.992176
1.54818	0.992386
1.54881	0.992596
1.54943	0.992807
1.55006	0.993017
1.55069	0.993228
1.55132	0.993438
1.55195	0.993649
1.55258	0.99386
1.5532	0.994071
1.55383	0.994281
1.55446	0.994492
1.55509	0.994704
1.55572	0.994915
1.55635	0.995126
1.55697	0.995337
1.5576	0.995548
1.55823	0.99576
1.55886	0.995971
1.55949	0.996183
1.56011	0.996394
1.56074	0.996606
1.56137	0.996818
1.562	0.99703
1.56263	0.997241
1.56326	0.997453
1.56388	0.997665
1.56451	0.997877
1.56514	0.998089
1.56577	0.998301
1.5664	0.998513
1.56703	0.998726
1.56765	0.998938
1.56828	0.99915
1.56891	0.999363
1.56954	0.999575
1.57017	0.999787
Simulation Complete
